Fitness, 170.68434182581126, weighths, [ 0.18922133  0.22188881 -0.38191617  0.58586438 -0.41880117 -0.73012804
  0.88825618 -0.60330593  0.29821313 -0.41317432  0.38497363  0.62742242
  0.22780429  0.30049753 -0.37477548  0.75261565  0.42276855  0.35455574
 -0.5202267   0.06905329  0.78497692  0.94776194  0.23177109 -0.79420043
 -0.69187884 -0.75777694 -0.26232356  0.71469329  0.98011653  0.4405851
  0.98026807 -0.23907252 -0.55282701 -0.64720372 -0.04693648 -0.66867198
 -0.51492723 -0.89688965 -0.39088987  0.93886022 -0.56266482  0.83516654
  0.22951121 -0.15230229  0.77017583 -0.96347437  0.2787962  -0.75248975
 -0.3769887   0.30571726 -0.97043232  0.85031843 -0.10713498  0.30334563
 -0.93846001 -0.71330197  0.45699906  0.07376767 -0.08736541 -0.54535016
 -0.42349296  0.57192414  0.15556529  0.71275078  0.72360089  0.49373682
  0.19985068 -0.67353137 -0.57910256  0.39037975 -0.62901864 -0.70692643
 -0.0965501   0.00230501  0.85517189  0.26169973 -0.23294714 -0.33216568
  0.03259301  0.95062495  0.25099367 -0.73042181  0.8511288  -0.8570695
  0.87881831  0.78229926  0.18975593 -0.66580375  0.8676964   0.41669897
  0.0235196   0.95074474  0.55654519 -0.75169899  0.52150829  0.17218017
 -0.20481654 -0.54707918  0.00553344  0.34348156 -0.96435635  0.18653805
 -0.78660649 -0.27862425 -0.21171722 -0.53715542  0.12008855  0.35072146
 -0.88387746 -0.91179295 -0.79777658 -0.16325467 -0.25398931  0.56981082
  0.19663829  0.98752519  0.4523824  -0.2403408  -0.54202361  0.00929632
  0.85293132  0.56355718 -0.31998814 -0.40304201 -0.49014419 -0.0731625
 -0.9366946   0.83598802 -0.60855123 -0.15033394 -0.08676212  0.41776249
  0.28564622  0.84307494 -0.08304626  0.51729982 -0.38644538  0.8848786
  0.72015161  0.25080757  0.9071319   0.72011635 -0.97751515  0.23402196
  0.02530199  0.6369365   0.05679624 -0.15584732 -0.34221941  0.49438303
  0.79926228 -0.25618132  0.20844904  0.22938839  0.62187536  0.70021666
 -0.02266121  0.84452981 -0.94953777  0.65773287 -0.5806221   0.72902823
  0.86349434 -0.16929643 -0.36817785 -0.73838651  0.40514837  0.64338132
 -0.29674102  0.18229673 -0.27213029 -0.91291026  0.71868363 -0.01320041
 -0.63159354 -0.94020124 -0.04618602 -0.32968718 -0.20724015  0.05881303
  0.25251244 -0.2840228  -0.09993859  0.52696612  0.18440032 -0.25299436
 -0.3269533   0.26499959  0.11698942  0.2573623  -0.53118418  0.00568089
 -0.1055295  -0.85515833 -0.28331075  0.51446286  0.77214323  0.19823579
 -0.96110502 -0.22132965 -0.95934589  0.35494428  0.45016483  0.05824565
  0.11496848  0.07582692 -0.07342061 -0.55093173  0.91732629 -0.81297928
  0.60545367 -0.50316687  0.94953776  0.68557743 -0.06190845  0.52853462
 -0.05833503 -0.87426966  0.43391042 -0.62664074 -0.92701008  0.49834794
  0.58730161  0.29900463  0.71989205 -0.56294321  0.91579357  0.98470493
  0.54707633  0.63457565  0.02088966  0.47586771 -0.867762    0.08285186
 -0.41873366 -0.773696   -0.65308358  0.2075175  -0.38746754  0.8459168
 -0.34333183  0.43248153 -0.57932448  0.44361339 -0.96630932  0.8712784
  0.24300792  0.44003552 -0.1541068   0.85130618  0.78668108  0.79073729
 -0.64827658  0.51337854  0.57087745  0.83945673  0.26665036 -0.6228676
  0.96081081  0.7938291  -0.95078268  0.4038771   0.51317422  0.43926091
 -0.04808248]